4.079705264279171462e-01 -4.399458836394153360e-01 -1.171206832436552658e-01 1.250812532130120558e-01 1.962035822526777759e-02 -1.443066324848076183e-03 5.355086102112854851e-03 -3.055189193831567371e-03 2.721845831169177402e-03 -3.118704848106865473e-03 4.169507260123302486e-03 -2.038332447493662256e-03 3.601640100390500303e-03 4.236762542949041449e-03 -1.552884325160677412e-02 1.288568347889102600e-02 -1.934602070944614963e-02 3.020800790351690912e-02 4.936535828982129177e-03 -2.083620786301020877e-01 -6.731182648654076006e-01 8.033860729098238895e-01 3.536459023270872859e-02 2.174191716552495435e-02 -8.384865959275027494e-03 7.200709651750287002e-03 -1.080956438032577112e-03 4.422123446074090886e-03 -2.486758650749265609e-03 -2.548957654037958473e-03 -3.332445786737223831e-03 6.319596440129783554e-03 -7.058219887120472692e-03 6.771759631814249815e-03 -1.818284770940787861e-03 1.440887633347134825e-05 -1.242434518819164439e-03 4.328379938331006031e-03 2.759185981191444436e-03 3.435339389558844745e-03 -4.926840140534099154e-03 4.618989736243563071e-03 -5.376792377596721281e-03 4.557089502193812855e-03 -8.716718371243544622e-03 1.174855756087045573e-02 -4.721624564549766964e-03 -1.163560900573917204e-03 -5.074045740502679258e-03 -4.824461151496443369e-03 1.030333896643977412e-02 -7.038097510800899945e-03 3.901173101932280292e-03 2.804228457092407950e-03 -3.267738127471496966e-03 1.675202847430372387e-03
-4.399458836394153360e-01 1.578196907548660599e+00 -1.303918775827634269e+00 -2.289097021346030159e-01 4.181895968759258841e-01 -3.139280751142600745e-02 -2.559384323094085478e-02 5.263771451495764114e-02 -2.255477312968458617e-02 2.384629944721405534e-02 -8.795936382071852314e-03 2.874108100901599794e-03 -1.808484125523300698e-03 -3.910774577699988042e-02 6.694025466805922364e-02 -4.358106217665165538e-02 3.232361113185659718e-02 -2.229412142430145516e-02 -1.115044569422979082e-01 4.758192151672426262e-01 1.258921287632072561e+00 -1.484934989998762722e+00 -1.662954613187495601e-01 5.343544222579355019e-02 1.096807458050658157e-03 -3.340415962143709200e-02 2.777095672657990330e-02 2.585861094182815775e-02 -5.776232975125698832e-02 -2.645872530994452382e-02 4.754100881835005010e-02 1.504066219400889033e-02 -5.183586249250184824e-02 -2.244996645591296105e-03 1.955708296702606333e-02 -4.304906779210708814e-03 -1.461858780659344020e-02 1.414435088403795046e-02 -2.791159502626366570e-02 2.581071235330580430e-02 -1.060727095199533870e-02 4.511014345613062471e-02 -4.758331018639442439e-02 6.200152613601193907e-02 -7.183539408174920149e-02 4.920216055466401783e-02 3.495842757868947853e-02 2.744826011742277153e-02 -4.987311345558595455e-02 -1.479593018742533794e-02 -5.014680034170523881e-02 4.051348658030582556e-02 -1.537880878592887308e-02 -1.085669224417470415e-02 2.336841399004307290e-02 -2.350522732810958471e-03
-1.171206832436552658e-01 -1.303918775827634269e+00 3.290688653831846278e+00 -2.082895614638398563e+00 -5.023559762384867400e-02 2.880477362721264867e-01 -1.196306954706753169e-02 -5.985539754480943830e-02 3.309065567849834438e-02 -2.981836014682064800e-02 1.075668280870119807e-02 -3.255301054964600260e-02 9.292381008010639626e-03 1.336583339852783492e-01 -1.335187840536157522e-01 9.629683247555401171e-02 -1.957010293380705927e-03 -7.128860850317580988e-02 1.983826310502583568e-01 -5.033287747785256672e-01 -1.051115865658891924e+00 1.161484993341928229e+00 2.662418225852559162e-01 -8.279731586371354146e-02 -4.303510795670633521e-02 6.487956335532972518e-02 -1.162879997361044443e-02 -1.073948205071452444e-01 1.133965265960908547e-01 1.204366705774930768e-01 -1.264374006311041743e-01 -4.556932836713639690e-02 1.100599493765156839e-01 3.661459622376604661e-02 -6.470906400907340539e-02 -1.212159701605660007e-02 5.213417068014941647e-02 -4.288137744630877296e-02 6.972456341193439266e-02 -5.200602203040143034e-02 2.245553784960536980e-02 -9.069593411670026639e-02 8.983069247506654531e-02 -6.792603963866553074e-02 3.603129244352604177e-02 -2.534087173783581073e-02 -9.581139755287834681e-02 -4.312334894110034234e-02 1.234704284049394224e-01 -5.682266177239613664e-02 2.598331728651838146e-01 -2.595003949181060032e-01 1.749700845283670425e-01 -8.325207519740270012e-02 -1.398093045296945787e-02 1.282607029097421539e-02
1.250812532130120558e-01 -2.289097021346030159e-01 -2.082895614638398563e+00 4.558236592094211836e+00 -2.497019758868727735e+00 -8.366225863327504675e-02 2.533923855552556170e-01 -1.172669970970824892e-02 -1.310006390095308851e-02 -4.514396157507345655e-04 2.828615595678189709e-02 4.845873810802370230e-02 -2.422401928440433283e-02 -1.544132898849810143e-01 9.845287562040434814e-02 -4.290853337628382919e-02 -1.186233684507286279e-01 1.999749172037781908e-01 -1.943662573216989042e-01 3.219395348910776278e-01 4.167525611914290051e-01 -4.084175326732731870e-01 -2.156062383440422447e-01 3.624461995455583591e-02 7.945228234630397068e-02 -9.677892326677760282e-02 -2.817106626239355635e-02 1.660324404150957667e-01 -7.255234006316128859e-02 -1.775490983133579115e-01 1.171672837030892367e-01 8.224141955953079286e-02 -1.155615451142646827e-01 -6.969426343773373056e-02 1.015060981773035220e-01 3.830441924701861317e-02 -6.310655220544257593e-02 8.013958115038344321e-02 -1.166834055944394599e-01 5.278409183594844067e-02 -4.414528091682676236e-03 6.443966620726582217e-02 -2.811751149295275282e-02 -5.134821246954947987e-02 1.242760157478860206e-01 -9.833786631491028829e-02 1.287220736914203578e-01 -4.050490107602384808e-03 -1.014091520040285854e-01 1.180640367345777847e-01 -4.422289663999303677e-01 5.045091087564951282e-01 -3.984676284046220762e-01 2.423525792199833773e-01 -2.509220530241651481e-02 -1.692219949611716359e-02
1.962035822526777759e-02 4.181895968759258841e-01 -5.023559762384867400e-02 -2.497019758868727735e+00 3.713514730709511991e+00 -1.464609683966595854e+00 -4.581673638173617280e-01 2.973202362821383837e-01 -1.125638561571021962e-02 2.592759127506151506e-02 -5.251882194579986923e-02 -3.885055485849644996e-02 4.106149391794258752e-02 1.021989286660459906e-01 -1.350586547549336054e-02 -5.523190928621350693e-02 1.979886058504801705e-01 -2.354092596497577294e-01 1.443271189633876239e-01 -1.798404134962118817e-01 -1.266870301506863583e-01 1.138726554175318317e-01 9.010498962196712702e-02 3.344691059440477177e-02 -7.126054581402446741e-02 9.023675280063542248e-02 5.484089955878569678e-02 -1.538367285805809226e-01 -5.660004806129317542e-03 1.454805769124842829e-01 -3.213316499211969768e-02 -1.104855467159070043e-01 1.122104746373553535e-01 6.270686674131115135e-02 -1.040444141497968017e-01 -4.471965982836979825e-02 4.382354866444677227e-02 -9.339008148671280873e-02 1.284679460835906617e-01 -4.808487408107958716e-02 -4.396233418503702438e-03 -1.133765374550854861e-02 -5.068221569800746007e-02 1.271360897492868347e-01 -1.623025903828110850e-01 1.403431465620286478e-01 -1.118301486535698414e-01 2.618685404572172401e-02 7.546166263286370468e-02 -8.197583070572964092e-02 3.323251920637769752e-01 -5.167698005318368537e-01 4.907881664665270094e-01 -3.160069275782632081e-01 6.843238312173123561e-02 6.235289664063862689e-03
-1.443066324848076183e-03 -3.139280751142600745e-02 2.880477362721264867e-01 -8.366225863327504675e-02 -1.464609683966595854e+00 2.369691739094420768e+00 -1.068868807519996134e+00 -1.298084328284334066e-01 1.155918519995538934e-01 -3.830018074416810525e-02 7.580089017677479890e-02 2.794761301837635561e-02 -4.562892327256339031e-02 -9.211137318013254069e-03 -3.970338590801860551e-02 1.033043469345143323e-01 -2.165190757187322734e-01 1.980981777439931035e-01 -7.977945521418303154e-02 -5.780015435650823902e-02 -5.332846963269557428e-01 6.148970442236230127e-01 6.667371592505966227e-02 -9.780069662498644401e-02 5.132943625034058072e-02 -4.395960138916899657e-02 -6.658225313538071455e-02 1.134089335579829549e-01 3.597763525600299744e-02 -8.578703255610935219e-02 -3.867002261032576743e-02 1.041668788043350891e-01 -6.562476469651970512e-02 -5.332156886285486369e-02 8.642071744706256164e-02 3.808415229131576624e-02 -2.361920902402736208e-02 8.053338352291976310e-02 -1.006573508721137905e-01 3.847406507503915024e-02 2.946083686404411556e-03 -2.899190450424928359e-02 7.061533127540263466e-02 -1.168416278580513834e-01 1.437745423613398799e-01 -1.414961223279955216e-01 7.444252438157054896e-02 -3.764445632918803769e-02 -4.093423050901482535e-02 4.201970117273138433e-02 -1.275457368130399616e-01 3.425081369363450201e-01 -4.617630630888934218e-01 3.275632640014978225e-01 -8.270630601066121523e-02 1.640112253653199133e-03
5.355086102112854851e-03 -2.559384323094085478e-02 -1.196306954706753169e-02 2.533923855552556170e-01 -4.581673638173617280e-01 -1.068868807519996134e+00 2.536827050723171606e+00 -1.023597639447415553e+00 -1.982562985663080257e-01 1.340575107336993421e-01 -9.732748215004827230e-02 -2.080861272720674338e-02 5.927810895362973370e-04 -6.846779755105548981e-02 8.433947412337396143e-02 -1.206684478463549842e-01 1.893855254381597575e-01 -1.508261310332224825e-01 2.470295477614230933e-02 2.636567489039703394e-01 1.070900557696962574e+00 -1.245591834327021585e+00 -1.487002887806876394e-01 1.183502092736496147e-01 -4.123189006141041862e-02 2.903097528100138242e-02 5.106104390714471392e-02 -6.991349518329040280e-02 -3.891938412022011295e-02 2.931653141761993500e-02 7.123625959380298911e-02 -7.203298860380413782e-02 1.624742127073216082e-03 5.186941111868072218e-02 -4.713941706577287616e-02 -4.182923219298453898e-02 1.272469453008556219e-02 -5.175864648857573386e-02 3.833205447569166396e-02 3.924880268113909061e-03 -1.002221224633747555e-02 5.720571329179305331e-02 -7.425660789500361514e-02 9.986285102461041341e-02 -1.186376774280341606e-01 1.056720819233576414e-01 -4.543890057385620296e-02 5.725961829658513663e-02 -8.484416350971069748e-03 -3.233890567678208983e-02 3.490126038304050549e-02 -1.591811580304441920e-01 3.114419900340948955e-01 -2.583811584600129163e-01 7.301215122793443257e-02 -1.632838028986178212e-03
-3.055189193831567371e-03 5.263771451495764114e-02 -5.985539754480943830e-02 -1.172669970970824892e-02 2.973202362821383837e-01 -1.298084328284334066e-01 -1.023597639447415553e+00 1.306859857234198508e+00 -5.552827369414873315e-01 1.045554215775646584e-01 -1.491411145993925581e-02 4.796229311625201108e-02 5.738580584543695462e-02 -5.165337946655162299e-02 -9.783582421889321090e-02 1.066886556111626694e-01 -8.170998957878249092e-02 5.500945862368034761e-02 2.899437866355486504e-02 -2.305562452537129048e-01 -7.697695501423434949e-01 9.208795754763543506e-01 1.178086934655209195e-01 -9.188696345896414652e-02 2.583412122661248381e-02 -4.715604838269825926e-03 -4.027234437947473794e-02 1.263497554414341750e-02 5.060529779520243215e-02 8.163195782565109762e-03 -5.487281573614556651e-02 1.599989248664126021e-02 3.431290851780231105e-02 -3.631197892211941031e-02 -7.184142941173206776e-04 3.367108287579960446e-02 7.371085601780214512e-03 3.972722177938534278e-03 1.906755145351438085e-02 -3.521511635491524073e-02 8.539073076152208994e-03 -5.494833814870811461e-02 5.537624598738669079e-02 -7.029121766253422499e-02 7.976082709745727084e-02 -6.425632549661840220e-02 1.119685008909805310e-02 -3.029294864287831665e-02 2.254541480425945391e-02 3.436857469856765407e-02 7.085100290341568921e-03 2.869991279428776507e-02 -9.385022889668903634e-02 1.045079145178751667e-01 -5.294100349587393256e-02 5.236600753271598852e-04
2.721845831169177402e-03 -2.255477312968458617e-02 3.309065567849834438e-02 -1.310006390095308851e-02 -1.125638561571021962e-02 1.155918519995538934e-01 -1.982562985663080257e-01 -5.552827369414873315e-01 1.342759795224756969e+00 -7.976478806003679534e-01 2.542039933247273176e-01 -2.113156578470068714e-01 5.871485129574580131e-02 2.286580041131418013e-03 4.341108776716550571e-02 -4.790141814964336137e-02 -3.810887507514279082e-03 1.988108855530923424e-02 -2.594174355805567780e-02 1.235982930679703912e-01 3.882769457987433337e-01 -4.770514442515447207e-01 -3.307752757974583013e-02 2.039783921743763134e-02 -3.142691319924713431e-03 -9.260568569715660336e-03 1.754954166573139893e-02 3.425672598994341806e-03 -2.329419575755484195e-02 -1.173834797414917202e-03 1.145831783220423866e-02 4.917695653909933719e-03 -2.114422386176581514e-02 7.572600461924524316e-03 1.959205853170757627e-02 -1.398717059613061725e-02 -1.500804552782953119e-02 1.141075966980662632e-02 -1.265779132051177494e-02 2.113923787997043849e-02 -1.602095882621569836e-02 2.613896940996255497e-02 -1.770943339979603667e-02 1.714153568836834438e-02 -2.787199310609312503e-02 2.110637763940732131e-02 1.030245810963965544e-02 2.091041098780040217e-03 -9.213104625163601180e-03 -1.508181971836434349e-02 3.535361827625518351e-03 -9.545911037872426355e-03 1.215356468880689905e-02 -1.390995547752044842e-02 1.043484481871276640e-02 1.313649606817139572e-03
-3.118704848106865473e-03 2.384629944721405534e-02 -2.981836014682064800e-02 -4.514396157507345655e-04 2.592759127506151506e-02 -3.830018074416810525e-02 1.340575107336993421e-01 1.045554215775646584e-01 -7.976478806003679534e-01 1.057387710329334984e+00 -7.633999208732051844e-01 3.788352838643614384e-01 -1.272719268885790234e-01 4.941165841907221162e-02 -5.010947465399124418e-02 3.125170935192364552e-02 4.262082623177560273e-03 -1.266479232924665362e-02 3.078149916063670222e-02 -8.492909503749773714e-02 -2.251071688758479739e-01 2.784253035537448406e-01 3.685680222815370527e-02 -3.650533298063767668e-02 6.878452183045779232e-03 9.962979348019998516e-03 -2.605655951145136040e-02 5.967738231421580025e-03 2.604216229499970586e-02 3.046550386971475129e-03 -2.234204259282634650e-02 -3.294835699805308076e-04 2.502835045064376665e-02 -2.299063422352517691e-02 -2.070802702866875004e-03 2.679168587384065520e-02 -4.869071186204344467e-03 1.440879509798024226e-02 -1.810740315630163938e-02 -6.386404043445101722e-03 9.895655826912113165e-03 -3.034795750382207266e-02 2.936451629580230649e-02 -3.319945247580904230e-02 3.896767923740520473e-02 -2.799072243385719583e-02 -5.377957044271682724e-03 -8.809047936955857055e-03 4.216391448223749672e-03 2.145219621892150916e-02 -4.325658843564065409e-03 3.333032493700500976e-02 -4.382101666135179013e-02 3.222945693072568063e-02 -1.473383955414416316e-02 -2.099475936178098537e-03
4.169507260123302486e-03 -8.795936382071852314e-03 1.075668280870119807e-02 2.828615595678189709e-02 -5.251882194579986923e-02 7.580089017677479890e-02 -9.732748215004827230e-02 -1.491411145993925581e-02 2.542039933247273176e-01 -7.633999208732051844e-01 1.238370720276730452e+00 -8.191055194051728439e-01 1.062600443829201657e-01 -3.698224115627677527e-02 1.364822798500514300e-01 -9.413333342389008929e-02 4.710277821229260503e-02 -2.892856022973420635e-02 1.913357929425755014e-02 1.125968865404261277e-01 4.804568330297515066e-01 -5.489076007551525471e-01 -3.585785782196195676e-02 -2.005516458116323678e-03 6.971015542096020527e-03 -1.380711797067857294e-02 1.366450106368352103e-02 -1.612176266861976848e-02 1.361475585247696020e-04 -1.586365596143269685e-03 2.658740240542138006e-02 -2.216763843313924315e-02 4.310077906104388401e-03 1.701855190260827613e-02 -1.723863332968099751e-02 -1.199583712694402178e-02 1.117650207336767267e-02 -3.504407422507985204e-02 2.066143714747583141e-02 -1.446022487646270865e-02 1.518109828122898852e-02 8.053172107748796799e-03 -1.152306297996559536e-02 1.935872768023532559e-02 -2.059539337451306990e-02 1.466070047250417688e-02 2.220896074243954282e-03 1.388509810076388011e-02 -4.565747284203366778e-03 -1.059686058918577617e-02 3.149805740344213765e-03 -2.716981834979730406e-02 4.241857808443472155e-02 -3.328495845480099885e-02 1.160355902776471007e-02 -1.643225682829932465e-03
-2.038332447493662256e-03 2.874108100901599794e-03 -3.255301054964600260e-02 4.845873810802370230e-02 -3.885055485849644996e-02 2.794761301837635561e-02 -2.080861272720674338e-02 4.796229311625201108e-02 -2.113156578470068714e-01 3.788352838643614384e-01 -8.191055194051728439e-01 1.262319118676247465e+00 -9.860865767392525960e-01 4.583021796450746921e-01 -7.920149786236335698e-02 -4.469073224232657238e-02 8.778293202310655588e-03 5.260657140741320688e-03 -7.450778564930878034e-03 -1.140437019681098119e-01 -4.556408147592644342e-01 5.106620447796416107e-01 2.894225841032172994e-02 2.501532600547905216e-02 -1.013854680842335779e-02 1.495367115798418474e-02 2.708101437750132668e-03 3.637121940666854410e-03 -1.488694192934905507e-02 1.157075171133735772e-02 -2.173202165029469377e-02 2.109606317340434467e-02 -1.016383442725751589e-02 1.162331608578256494e-02 1.293680133334628064e-02 -4.125994816588687136e-02 1.276157316573872831e-02 -6.027600140356942360e-03 2.844986890133717125e-02 1.282623054009378316e-02 -2.118278807976221867e-02 -5.530434220352007562e-04 -6.487695049140656742e-03 1.475327144048212136e-02 -1.235675297695837220e-02 1.195188595712022572e-02 -1.425346642959390842e-02 -3.082763679340518384e-03 8.868015052607433960e-03 1.086979544196769315e-03 2.859226476813611466e-03 -1.275086001699298963e-02 2.184651650131083298e-02 -2.810046653642402081e-02 1.359303459797070977e-02 1.882176883350356131e-03
3.601640100390500303e-03 -1.808484125523300698e-03 9.292381008010639626e-03 -2.422401928440433283e-02 4.106149391794258752e-02 -4.562892327256339031e-02 5.927810895362973370e-04 5.738580584543695462e-02 5.871485129574580131e-02 -1.272719268885790234e-01 1.062600443829201657e-01 -9.860865767392525960e-01 2.397390002388588126e+00 -2.193499334659559707e+00 6.703466313877560756e-01 2.845826198321135640e-03 2.137339878863224116e-02 3.775276290595595483e-03 1.698579029422290360e-02 -3.694823909108609084e-02 -3.622496365280084007e-02 7.732398126704005670e-02 -3.127337436774392803e-04 -1.284322468996812461e-02 1.578368752275711258e-03 5.540737400457963237e-04 -2.978470516340368454e-03 2.077898842651955055e-03 4.932355460489970186e-03 -1.685705222022704231e-02 2.384304196387897548e-02 -1.324704662213471891e-02 7.171142833088482021e-03 -4.123590253827887422e-03 -3.768960932765217514e-02 3.300460747103675652e-02 9.543715597696894939e-03 -1.016797930952118402e-03 5.741201237727367769e-03 -3.500973496221322645e-02 3.438332767123286615e-02 -1.189361938112320702e-02 -5.859733475864357249e-03 -1.438822184515090030e-02 2.568791534110541688e-02 -1.542131033233962514e-02 7.891304275642030061e-03 -3.522755799659954817e-03 -5.920401157252160561e-03 1.133060026367868102e-02 -3.318498285187769254e-03 1.588651920381414697e-03 -9.769376944131312815e-03 2.891086982447241271e-02 -2.067147080941840118e-02 1.347136626476888024e-03
4.236762542949041449e-03 -3.910774577699988042e-02 1.336583339852783492e-01 -1.544132898849810143e-01 1.021989286660459906e-01 -9.211137318013254069e-03 -6.846779755105548981e-02 -5.165337946655162299e-02 2.286580041131418013e-03 4.941165841907221162e-02 -3.698224115627677527e-02 4.583021796450746921e-01 -2.193499334659559707e+00 3.801663957087171308e+00 -2.425520094374808533e+00 4.096535893638056924e-01 6.984976795620123635e-02 -5.878843575235234709e-02 -6.114175224818856752e-02 4.208804044329536032e-01 1.273637217625229967e+00 -1.479924115070059498e+00 -1.355204294506027474e-01 -1.312489264999525162e-03 3.739432189579010996e-02 -2.945885608814655804e-02 -4.323212473173059650e-03 3.676696443197233211e-02 -4.106628633117823807e-02 -1.730188280380915919e-02 2.457223189881129269e-02 1.273689608051858588e-02 -3.348625646444303161e-02 -3.029415073027811114e-02 6.925512935061008124e-02 -2.503235980752715670e-05 -4.890973090364635761e-02 1.640763014803567343e-02 -5.835097989786897088e-02 4.071738079398964233e-02 -2.337147344688116080e-02 3.710035171335213100e-02 1.213299335455483331e-02 7.400338555591483639e-03 -3.156857873370564477e-02 1.936640945889468723e-02 2.437445413712062067e-02 2.670744352207590419e-02 -3.916686867873312577e-02 -4.019410820550610268e-03 -6.790033783383807309e-02 1.093970168629735118e-01 -7.766734444124247239e-02 1.244517781336024892e-02 1.935853472215905494e-02 -9.460012447569653496e-03
-1.552884325160677412e-02 6.694025466805922364e-02 -1.335187840536157522e-01 9.845287562040434814e-02 -1.350586547549336054e-02 -3.970338590801860551e-02 8.433947412337396143e-02 -9.783582421889321090e-02 4.341108776716550571e-02 -5.010947465399124418e-02 1.364822798500514300e-01 -7.920149786236335698e-02 6.703466313877560756e-01 -2.425520094374808533e+00 3.291532095987186768e+00 -1.648010004689497210e+00 -3.676681607944936592e-01 5.194732131889655546e-01 3.728596704032748586e-03 -4.907354839254620682e-01 -1.714202768016253042e+00 1.966874618491693205e+00 1.644351187377862400e-01 -6.236924094593620724e-03 -2.778995505594941684e-02 3.366590160905666429e-02 -2.269283403602576424e-02 -2.262868693997205014e-02 6.905595192434046958e-02 2.224444627394260576e-02 -5.929433087269119634e-02 1.037215038140288335e-02 3.517661577209153095e-02 5.029231111816389807e-03 -2.970932854860589001e-02 1.975448403366997577e-02 1.970672582823934996e-02 2.059217895296731882e-02 1.777241748347334685e-02 -2.548982615323647574e-02 1.943768212129097506e-02 -6.123992740147907871e-02 3.134024962255867880e-02 -4.621507070571326259e-02 5.244317410277567204e-02 -4.766803031986387162e-02 -1.082917829740331385e-02 -4.759570806459206133e-02 5.003966510126746370e-02 1.884866761095223622e-02 4.610776038954759320e-02 -4.308622134418653438e-02 -1.484125579603388576e-02 4.683165456591630027e-02 -3.147720129455137267e-02 7.899465315001357943e-03
1.288568347889102600e-02 -4.358106217665165538e-02 9.629683247555401171e-02 -4.290853337628382919e-02 -5.523190928621350693e-02 1.033043469345143323e-01 -1.206684478463549842e-01 1.066886556111626694e-01 -4.790141814964336137e-02 3.125170935192364552e-02 -9.413333342389008929e-02 -4.469073224232657238e-02 2.845826198321135640e-03 4.096535893638056924e-01 -1.648010004689497210e+00 3.106585488948251594e+00 -1.671902720440671786e+00 -6.363639137787947542e-01 5.191613039848931299e-01 3.196124990710837444e-01 1.468160808932881034e+00 -1.613214820872674649e+00 -1.362369329461476375e-01 1.181507992746168821e-02 1.573305326968547219e-02 -1.267510959525327413e-02 4.743597082213163452e-02 -2.089807191259058020e-02 -7.063095889290360585e-02 -2.059627111903613184e-03 7.175835572037822518e-02 -2.799836442049295770e-02 -3.791321608219762329e-02 1.313333786713358556e-02 -2.744562191892413287e-03 -2.894316632883779314e-02 9.358352507648983951e-03 -5.169703794097617322e-02 2.865604301247360805e-02 3.863215969552419391e-03 -9.508944759466803759e-03 5.476990304404567161e-02 -5.871758447349481602e-02 7.069164591753065996e-02 -6.617463351020788642e-02 6.834962173260750173e-02 -4.337279470515433347e-03 4.670472803819906982e-02 -3.630447548000138858e-02 -2.025887992028200992e-03 -3.966163559193618821e-02 -1.016822577851740281e-02 7.164142012848127850e-02 -8.666352999138339508e-02 3.817421113279816092e-02 -4.565544856201038393e-03
-1.934602070944614963e-02 3.232361113185659718e-02 -1.957010293380705927e-03 -1.186233684507286279e-01 1.979886058504801705e-01 -2.165190757187322734e-01 1.893855254381597575e-01 -8.170998957878249092e-02 -3.810887507514279082e-03 4.262082623177560273e-03 4.710277821229260503e-02 8.778293202310655588e-03 2.137339878863224116e-02 6.984976795620123635e-02 -3.676681607944936592e-01 -1.671902720440671786e+00 3.965189337035285977e+00 -2.011457632409831220e+00 -4.174204236139075208e-01 2.643241931877230444e-01 -1.084795453206131910e+00 1.115953501783000013e+00 8.690833596281383189e-02 -5.656533867718412101e-02 2.632763668117171080e-02 -2.651196612434846694e-02 -3.325900731444215996e-02 5.986495425346295002e-02 4.334475517791180205e-02 -5.421839812194211017e-02 -3.623823113934368512e-02 6.665340622984221308e-02 -1.194302183490539120e-02 -3.081373973163118590e-02 4.062376550614978099e-02 4.633368984804913521e-02 -3.172513576253263579e-02 6.901318635087072551e-02 -7.890043475277061513e-02 4.218736718216999776e-02 -1.640502698570257822e-02 -2.182287523119197034e-02 4.897581200652921518e-02 -1.000435779472930165e-01 1.289469494918301651e-01 -9.732407480455414206e-02 2.269593222892994644e-02 -4.167123794560114586e-02 4.292181907547883146e-03 -2.395060120885824425e-03 -4.080406210781100003e-03 8.304690988932289519e-02 -1.398728364860748752e-01 1.434268583544992814e-01 -5.186989266306619994e-02 1.698169791145256969e-03
3.020800790351690912e-02 -2.229412142430145516e-02 -7.128860850317580988e-02 1.999749172037781908e-01 -2.354092596497577294e-01 1.980981777439931035e-01 -1.508261310332224825e-01 5.500945862368034761e-02 1.988108855530923424e-02 -1.266479232924665362e-02 -2.892856022973420635e-02 5.260657140741320688e-03 3.775276290595595483e-03 -5.878843575235234709e-02 5.194732131889655546e-01 -6.363639137787947542e-01 -2.011457632409831220e+00 3.982619527367794010e+00 -1.212275863014536714e+00 -6.349054482648805280e-03 2.796554832738232133e+00 -3.266167086997457503e+00 -1.069418845373454113e-03 -3.429816657704169020e-02 -4.556349746832590031e-02 2.810668366089053710e-02 9.031643430908079624e-04 -4.821149874028852339e-02 2.483846715656138574e-03 4.176006771339670076e-02 5.668420418730057107e-03 -7.144976364674386626e-02 4.597508282682404718e-02 3.287278376027499838e-02 -5.520157826587767519e-02 -4.929610572576640509e-02 4.051999349381960047e-02 -6.011055927148069994e-02 8.707499891512476831e-02 -4.956601294480197234e-02 1.704861951519129684e-02 -6.916590450763678358e-03 -1.730487899162726911e-02 8.392202158400083323e-02 -1.102615821496743809e-01 6.069744133630621680e-02 -3.287410386416758645e-02 4.612126856323140595e-02 5.140262982483935830e-03 -2.518325084672271875e-03 3.539837816271152598e-02 -1.004527622877171983e-01 1.508218250079205736e-01 -1.398131020844194383e-01 4.487517377963555487e-02 -2.523787696931590989e-03
4.936535828982129177e-03 -1.115044569422979082e-01 1.983826310502583568e-01 -1.943662573216989042e-01 1.443271189633876239e-01 -7.977945521418303154e-02 2.470295477614230933e-02 2.899437866355486504e-02 -2.594174355805567780e-02 3.078149916063670222e-02 1.913357929425755014e-02 -7.450778564930878034e-03 1.698579029422290360e-02 -6.114175224818856752e-02 3.728596704032748586e-03 5.191613039848931299e-01 -4.174204236139075208e-01 -1.212275863014536714e+00 2.046007487183100437e+00 -6.134632544508706875e-01 3.038173189601046431e+00 -3.270008200540174492e+00 7.802029235804939199e-03 3.105242503655380668e-02 -8.280190084946023599e-02 -5.643558216171101760e-02 4.218385174558515055e-02 3.304534901765297100e-02 -7.294649024751433120e-02 -4.378508833037733639e-02 5.507106055403933331e-02 2.283858617996060644e-02 -5.488774264272543169e-02 -1.447242334557781495e-03 3.699745390755825730e-02 2.046558565028804098e-03 -2.206050605034643591e-02 2.682899656313462999e-02 -5.087606491792358993e-02 4.280108076728142419e-02 -1.294575529212111699e-02 5.009365962846534792e-02 -3.426582398966316473e-02 2.912376009827693374e-02 -3.590991162324588815e-02 3.976819243592526198e-02 3.172713710569723816e-02 -2.387883814856446574e-02 -1.175769390805893842e-02 -2.987583125989931587e-02 -4.317256705587677740e-02 5.738059126763889878e-02 -4.945457400672383791e-02 1.995301783788541380e-02 1.594720865136125751e-02 -1.222300182945045563e-04
-2.083620786301020877e-01 4.758192151672426262e-01 -5.033287747785256672e-01 3.219395348910776278e-01 -1.798404134962118817e-01 -5.780015435650823902e-02 2.636567489039703394e-01 -2.305562452537129048e-01 1.235982930679703912e-01 -8.492909503749773714e-02 1.125968865404261277e-01 -1.140437019681098119e-01 -3.694823909108609084e-02 4.208804044329536032e-01 -4.907354839254620682e-01 3.196124990710837444e-01 2.643241931877230444e-01 -6.349054482648805280e-03 -6.134632544508706875e-01 4.099162558125646427e+01 1.387836435336716647e+02 -1.735597612023594820e+02 -4.808162471267805493e+00 -7.292249535990699139e-01 -1.531921797350376535e-01 -1.380974596349534844e-01 -3.960417232940521143e-02 -4.344583164681198317e-01 1.310024711709938117e-01 5.276949847629694990e-01 -5.038263504449859154e-01 -8.426160344222453913e-02 2.563873797910547481e-01 -2.454484108991155170e-02 2.308233350686580629e-02 -1.041633218150545409e-01 1.984995419034944197e-01 4.002371791023849601e-02 4.293342265196604945e-02 -1.351660338475929590e-01 1.800799996951002457e-01 -3.469898815906642953e-01 1.663536554019141578e-01 1.629952713146081908e-02 4.324071439897582414e-02 -2.347480923483032111e-01 -9.114603385014713455e-02 -2.830489035143736454e-02 7.363444273032634935e-02 5.335323892152878805e-03 3.766735444057994764e-01 -1.584522721369535647e-01 -2.291761144915682447e-01 7.782965060175262018e-02 1.848378216673399188e-01 -9.196895658791572059e-02
-6.731182648654076006e-01 1.258921287632072561e+00 -1.051115865658891924e+00 4.167525611914290051e-01 -1.266870301506863583e-01 -5.332846963269557428e-01 1.070900557696962574e+00 -7.697695501423434949e-01 3.882769457987433337e-01 -2.251071688758479739e-01 4.804568330297515066e-01 -4.556408147592644342e-01 -3.622496365280084007e-02 1.273637217625229967e+00 -1.714202768016253042e+00 1.468160808932881034e+00 -1.084795453206131910e+00 2.796554832738232133e+00 3.038173189601046431e+00 1.387836435336716647e+02 5.201459266671494106e+02 -6.438972965948133833e+02 -1.520519235054538854e+01 -2.626882271332788399e+00 -1.542599583281393683e+00 -4.521129067653946731e-01 -2.410328894202667105e-01 -1.291048821884343223e+00 1.924316106153596828e-01 1.657290513586341385e+00 -1.528242155253912715e+00 -2.484027336063964198e-01 7.184834884637649743e-01 -1.522356756627649133e-01 2.476439116963288223e-01 -4.318711245112881736e-01 7.020294730509010206e-01 1.760365041435825451e-01 3.466923954730503216e-02 -3.730312069804684327e-01 6.523320976688889994e-01 -1.229042346594555024e+00 6.496212882186530591e-01 1.136947252324995855e-01 4.786385134795971552e-02 -7.937085619589301366e-01 -2.382474959802216019e-01 -1.735728653909610897e-01 2.551631362727266872e-01 -1.754012107286041441e-02 1.133817011053224189e+00 -3.661275453854646589e-01 -9.260076033792378203e-01 3.136874641457388369e-01 7.267781582536523288e-01 -3.388063000084748921e-01
8.033860729098238895e-01 -1.484934989998762722e+00 1.161484993341928229e+00 -4.084175326732731870e-01 1.138726554175318317e-01 6.148970442236230127e-01 -1.245591834327021585e+00 9.208795754763543506e-01 -4.770514442515447207e-01 2.784253035537448406e-01 -5.489076007551525471e-01 5.106620447796416107e-01 7.732398126704005670e-02 -1.479924115070059498e+00 1.966874618491693205e+00 -1.613214820872674649e+00 1.115953501783000013e+00 -3.266167086997457503e+00 -3.270008200540174492e+00 -1.735597612023594820e+02 -6.438972965948133833e+02 7.997974000741279497e+02 1.709701285567849638e+01 3.950191101956330719e+00 1.333581448939325176e+00 3.205838419620769542e-01 3.178826072988333862e-01 1.577481852008526308e+00 -5.705883195639118582e-02 -1.971818810806913458e+00 1.807463933154610736e+00 3.592698866331101581e-01 -8.668804548647726094e-01 2.353010570981120542e-01 -3.310651014988612584e-01 5.166400137730497999e-01 -8.388054523053320999e-01 -1.983067299175682030e-01 -3.158723510992768324e-02 4.545536121749657044e-01 -7.705262516538743389e-01 1.444229225718705711e+00 -7.240537561382442977e-01 -1.788860934670479519e-01 -5.137277891587044981e-02 9.474691689800597283e-01 2.587107130076511941e-01 1.692264467068938516e-01 -2.402144958712965350e-01 -8.832092160818892645e-03 -1.302835558464722210e+00 3.174316808924936839e-01 1.224295446286086886e+00 -4.125877511013105181e-01 -8.790795584680733965e-01 4.227026364715621987e-01
3.536459023270872859e-02 -1.662954613187495601e-01 2.662418225852559162e-01 -2.156062383440422447e-01 9.010498962196712702e-02 6.667371592505966227e-02 -1.487002887806876394e-01 1.178086934655209195e-01 -3.307752757974583013e-02 3.685680222815370527e-02 -3.585785782196195676e-02 2.894225841032172994e-02 -3.127337436774392803e-04 -1.355204294506027474e-01 1.644351187377862400e-01 -1.362369329461476375e-01 8.690833596281383189e-02 -1.069418845373454113e-03 7.802029235804939199e-03 -4.808162471267805493e+00 -1.520519235054538854e+01 1.709701285567849638e+01 6.524720971510554968e+00 -4.127257720276992004e+00 8.036284648000650011e-01 -3.184536256045817360e-01 2.751955690399708332e-01 2.434670419808886710e-01 -4.712243043789549612e-01 -1.763307936475629056e-01 3.505690745602800806e-01 -6.791210857242405141e-02 -1.681914950624548710e-01 -9.751761496476506891e-03 5.238717164142680377e-02 7.792918799920958706e-03 -6.432528463252294715e-02 -3.129855190518561481e-02 -2.005398773029894166e-02 7.188919090060358341e-02 -9.920973695207294107e-02 1.823548887861034529e-01 -1.193816751958027278e-01 6.777694992067344326e-02 -1.152727929767538712e-01 1.798863016217983335e-01 3.844475978801893679e-02 3.134581586574447520e-02 -6.841514356291554522e-02 -2.205002949845371804e-03 -1.919633240419200693e-01 1.256502266901302900e-01 6.739949968285382717e-03 -2.059289025353180577e-02 -1.096353992607480669e-02 8.834964800368686963e-03
2.174191716552495435e-02 5.343544222579355019e-02 -8.279731586371354146e-02 3.624461995455583591e-02 3.344691059440477177e-02 -9.780069662498644401e-02 1.183502092736496147e-01 -9.188696345896414652e-02 2.039783921743763134e-02 -3.650533298063767668e-02 -2.005516458116323678e-03 2.501532600547905216e-02 -1.284322468996812461e-02 -1.312489264999525162e-03 -6.236924094593620724e-03 1.181507992746168821e-02 -5.656533867718412101e-02 -3.429816657704169020e-02 3.105242503655380668e-02 -7.292249535990699139e-01 -2.626882271332788399e+00 3.950191101956330719e+00 -4.127257720276992004e+00 4.586901062326615985e+00 -1.245520820955875463e+00 4.786954271512997572e-01 -5.964510656482185924e-01 -1.042886894361358119e-01 5.350052750162684889e-01 -1.062939140446050000e-02 -2.004861743872406454e-01 8.674547009225083705e-02 1.293804603987580848e-01 -5.060095018686625729e-02 -1.346645301499759841e-02 2.282759252924251164e-02 2.166112255279834670e-02 1.596241749040171610e-04 1.263773735716500245e-03 -4.224076413068512253e-02 5.050825065016682769e-02 -1.112830416587110016e-01 8.164932774142059924e-02 -8.721673468573520882e-02 1.545089331604490857e-01 -1.641253491187306957e-01 1.806334382848735418e-02 -2.070229638720749721e-02 1.457204021457841198e-02 5.815893537867430213e-02 2.317851350262298965e-02 2.492031594070551193e-02 -5.372625113905520056e-02 5.987514396611138406e-02 -4.514102442996148490e-02 1.730441355473154481e-03
-8.384865959275027494e-03 1.096807458050658157e-03 -4.303510795670633521e-02 7.945228234630397068e-02 -7.126054581402446741e-02 5.132943625034058072e-02 -4.123189006141041862e-02 2.583412122661248381e-02 -3.142691319924713431e-03 6.878452183045779232e-03 6.971015542096020527e-03 -1.013854680842335779e-02 1.578368752275711258e-03 3.739432189579010996e-02 -2.778995505594941684e-02 1.573305326968547219e-02 2.632763668117171080e-02 -4.556349746832590031e-02 -8.280190084946023599e-02 -1.531921797350376535e-01 -1.542599583281393683e+00 1.333581448939325176e+00 8.036284648000650011e-01 -1.245520820955875463e+00 2.063488071690365189e+00 -1.162446488181651194e+00 6.417792614552264574e-01 -6.992593838728935474e-01 -2.411235512540299553e-01 2.406785473232028183e-01 -7.054903149929300787e-02 3.111459369108234355e-02 2.738993598652225345e-02 6.689621955963488686e-02 -4.098533436008181680e-02 -2.052571492112607605e-03 -1.242520512401593807e-03 2.742487060552541503e-02 -7.709011223703816744e-04 1.263900439699009413e-02 -7.890992777175665288e-03 1.277979584105613971e-02 -6.027473186368701059e-03 2.727294437296944735e-02 -5.864606481972457069e-02 5.913474578042833552e-02 -3.069506352580028685e-02 8.157653297084267729e-03 1.419421367510231673e-02 -5.624528002784668496e-02 6.632001644556931308e-02 -6.669798321257983109e-02 3.789416529741635592e-02 -2.647275178488136746e-02 1.094803263976757216e-02 7.849497469682682055e-03
7.200709651750287002e-03 -3.340415962143709200e-02 6.487956335532972518e-02 -9.677892326677760282e-02 9.023675280063542248e-02 -4.395960138916899657e-02 2.903097528100138242e-02 -4.715604838269825926e-03 -9.260568569715660336e-03 9.962979348019998516e-03 -1.380711797067857294e-02 1.495367115798418474e-02 5.540737400457963237e-04 -2.945885608814655804e-02 3.366590160905666429e-02 -1.267510959525327413e-02 -2.651196612434846694e-02 2.810668366089053710e-02 -5.643558216171101760e-02 -1.380974596349534844e-01 -4.521129067653946731e-01 3.205838419620769542e-01 -3.184536256045817360e-01 4.786954271512997572e-01 -1.162446488181651194e+00 2.714005337159759890e+00 -1.285053356590094786e+00 8.703216893640930429e-01 -7.625625000739898462e-01 -4.605100219997247391e-01 2.275812028130481390e-01 3.959824030820546098e-02 -9.057785546295721302e-02 1.203186209482929973e-02 5.447450194611781066e-02 7.961664576065360585e-03 -1.217922085388388476e-02 2.243092860285972323e-02 -2.503887022232942697e-02 3.535351439674346355e-03 -1.256626792205717789e-02 2.281784183989492287e-02 -1.292873018757271369e-02 8.513335805908813989e-03 1.448680369029821564e-02 -2.995476995832600450e-02 2.577362333913004247e-02 7.011619519452766576e-03 -1.234399438123504229e-02 1.442705552730687681e-03 -3.892736214157362096e-02 5.383302833559737433e-02 -5.134044271383769037e-02 4.199552384846049619e-02 -1.083656775078133128e-02 -2.747909350725060307e-03
-1.080956438032577112e-03 2.777095672657990330e-02 -1.162879997361044443e-02 -2.817106626239355635e-02 5.484089955878569678e-02 -6.658225313538071455e-02 5.106104390714471392e-02 -4.027234437947473794e-02 1.754954166573139893e-02 -2.605655951145136040e-02 1.366450106368352103e-02 2.708101437750132668e-03 -2.978470516340368454e-03 -4.323212473173059650e-03 -2.269283403602576424e-02 4.743597082213163452e-02 -3.325900731444215996e-02 9.031643430908079624e-04 4.218385174558515055e-02 -3.960417232940521143e-02 -2.410328894202667105e-01 3.178826072988333862e-01 2.751955690399708332e-01 -5.964510656482185924e-01 6.417792614552264574e-01 -1.285053356590094786e+00 1.934170802402683798e+00 -1.455129650853993262e+00 5.344827422169867726e-01 -7.483877063835724097e-02 -1.834585596486990877e-01 2.050692309081457720e-01 -3.615517274871202225e-02 -6.041610446424966474e-02 3.188012157231292359e-02 2.471235240203038808e-02 1.230376741617975403e-02 -7.319369390242775643e-03 -7.308209062206254443e-03 5.123286292836921711e-03 -2.921787510609670773e-03 -4.521637679754116762e-02 5.423785345427838134e-02 -6.601331995449419288e-02 6.085480746337788849e-02 -3.316731861618316818e-02 -1.061147918716466229e-02 -5.490948606532632115e-03 -1.361843053481804873e-03 2.914475736792090585e-02 -1.158215786080475434e-03 3.352351380089007432e-02 -4.579744251584901005e-02 4.938725663849544145e-02 -3.012488647121104937e-02 -2.189517277331712048e-03
4.422123446074090886e-03 2.585861094182815775e-02 -1.073948205071452444e-01 1.660324404150957667e-01 -1.538367285805809226e-01 1.134089335579829549e-01 -6.991349518329040280e-02 1.263497554414341750e-02 3.425672598994341806e-03 5.967738231421580025e-03 -1.612176266861976848e-02 3.637121940666854410e-03 2.077898842651955055e-03 3.676696443197233211e-02 -2.262868693997205014e-02 -2.089807191259058020e-02 5.986495425346295002e-02 -4.821149874028852339e-02 3.304534901765297100e-02 -4.344583164681198317e-01 -1.291048821884343223e+00 1.577481852008526308e+00 2.434670419808886710e-01 -1.042886894361358119e-01 -6.992593838728935474e-01 8.703216893640930429e-01 -1.455129650853993262e+00 2.511841317250014693e+00 -1.154926782303668631e+00 6.033689088551918295e-02 1.119273855819136361e-02 -4.612319766246911756e-01 3.297863175965036753e-01 -3.439822322757415951e-02 1.074154830964360770e-02 -2.808835173299092935e-02 2.044876688025109787e-02 -2.437006391439378028e-02 4.008925387640620980e-02 -2.069460942949465435e-02 1.059520477683732753e-02 -7.170129305391606013e-03 -1.411544317538200068e-02 3.674790729941048578e-02 -4.231946796828341822e-02 8.815489229621272654e-03 -4.440264997202562035e-03 -7.792734477657461273e-03 2.766698980900281907e-02 4.895317023726842914e-04 4.017608046032915270e-02 -9.766583143314577775e-02 9.984394779513912355e-02 -6.481627141487805721e-02 1.967648522429907981e-02 -1.641757128396234815e-03
